1 10
0.290486 4
0.315486 7
0.340486 14
0.340487 21
0.365486 27
0.365487 35
0.365488 44
0.390486 54
0.390487 61
0.390488 71
0.390754 81
0.390755 90
0.390756 100
0.415682 107
0.415683 110
0.415684 121
0.415685 130
0.415789 135
0.41579 136
0.415791 146
0.415792 156
0.416004 165
0.416005 174
0.416236 181
0.416237 187
0.416238 196
0.440897 197
0.440898 207
0.440899 216
0.441022 223
0.441023 233
0.441024 242
0.441025 252
0.441254 260
0.441255 269
0.441504 276
0.441505 284
0.466164 287
0.466165 289
0.466166 299
0.466167 308
0.466272 314
0.466273 324
0.466274 333
0.466275 342
0.466504 350
0.466505 359
0.466736 366
0.466737 373
0.491414 378
0.491415 380
0.491416 390
0.491417 399
0.491522 404
0.491523 414
0.491524 423
0.491525 433
0.491754 440
0.491755 449
0.491986 457
0.491987 464
0.518164 469
0.518165 470
0.518166 480
0.518167 489
0.518272 495
0.518273 505
0.518274 514
0.518504 522
0.518505 530
0.518506 540
0.518736 545
0.518737 552
0.543432 559
0.543433 562
0.543434 572
0.543682 573
0.543683 576
0.543684 586
0.543932 590
0.543933 593
0.544182 597
0.544183 600
0.544432 604
0.544433 607
0.544682 611
0.544683 614
0.544932 617
0.544933 620
0.545111 624
0.545254 631
0.545486 638
0.545986 645
0.568932 650
0.568933 652
0.568934 662
0.569182 664
0.569183 667
0.569184 677
0.569432 680
0.569433 683
0.569682 688
0.569683 691
0.569932 695
0.569933 698
0.570182 701
0.570183 704
0.570432 708
0.570433 711
0.570611 715
0.570754 722
0.571736 729
0.571737 736
0.593682 740
0.593683 743
0.593932 744
0.593933 746
0.594182 748
0.594183 751
0.594432 753
0.594433 756
0.595414 758
0.595415 759
0.595416 769
0.595417 778
0.595432 779
0.595433 782
0.595682 786
0.595683 789
0.595932 793
0.595933 796
0.596182 801
0.596183 803
0.596325 807
0.596326 811
0.596504 814
0.596736 821
0.597236 828
0.620075 831
0.620076 835
0.620077 844
0.620078 854
0.620343 857
0.620344 863
0.620345 872
0.620682 880
0.620683 882
0.620754 890
0.621039 896
0.62104 898
0.621254 903
0.621255 912
0.621986 919
0.645182 921
0.645183 924
0.645184 934
0.645185 943
0.645432 947
0.645433 950
0.645434 960
0.645789 963
0.64579 965
0.645791 975
0.645792 983
0.646022 989
0.646023 999
0.646736 1008
0.670432 1012
0.670433 1014
0.670434 1024
0.670435 1034
0.670557 1038
0.670558 1041
0.670559 1051
0.67056 1060
0.670772 1069
0.670773 1079
0.670986 1085
0.670987 1092
0.671486 1098
0.695664 1102
0.695665 1104
0.695666 1114
0.695667 1123
0.695772 1129
0.695773 1139
0.695774 1148
0.695775 1157
0.696004 1164
0.696005 1173
0.696236 1181
0.696237 1188
0.720914 1193
0.720915 1194
0.720916 1204
0.720917 1213
0.721022 1219
0.721023 1229
0.721024 1238
0.721025 1247
0.721254 1255
0.721255 1264
0.721486 1271
0.721487 1278
0.746164 1283
0.746165 1285
0.746166 1295
0.746167 1304
0.746272 1310
0.746273 1320
0.746274 1329
0.746275 1338
0.746504 1345
0.746505 1354
0.746736 1362
0.746737 1369
0.771414 1374
0.771415 1375
0.771416 1385
0.771417 1394
0.771522 1400
0.771523 1410
0.771524 1419
0.771525 1428
0.771754 1436
0.771755 1445
0.771986 1452
0.771987 1459
0.796664 1464
0.796665 1466
0.796666 1476
0.796667 1485
0.796772 1491
0.796773 1501
0.796774 1510
0.796775 1519
0.797004 1527
0.797005 1535
0.797236 1543
0.797237 1550
0.822486 1555
0.822487 1562
0.822488 1571
0.822754 1580
0.822755 1589
0.822756 1598
0.822757 1608
0.822758 1617
0.822759 1626
0.82276 1636
0.822986 1640
0.847682 1646
0.847683 1648
0.847684 1658
0.847685 1667
0.848504 1671
0.848505 1679
0.848506 1689
0.848507 1699
0.848508 1708
0.848509 1717
0.848736 1727
0.848737 1734
0.872932 1736
0.872933 1739
0.872934 1749
0.872935 1758
0.873432 1761
0.873433 1764
0.873434 1774
0.873682 1776
0.873683 1779
0.873684 1788
0.873754 1789
0.873755 1797
0.873986 1801
0.873987 1808
0.874236 1813
0.874237 1820
0.898182 1827
0.898183 1829
0.898184 1839
0.898185 1848
0.898397 1852
0.898398 1862
0.898399 1871
0.898522 1879
0.898523 1889
0.898736 1894
0.898737 1901
0.899236 1907
0.899237 1914
0.923414 1917
0.923415 1918
0.923416 1928
0.923417 1938
0.923522 1943
0.923523 1953
0.923524 1962
0.923525 1971
0.923754 1979
0.923755 1988
0.923986 1995
0.923987 2002
0.948664 2008
0.948665 2009
0.948666 2019
0.948667 2028
0.948772 2034
0.948773 2044
0.948774 2053
0.948775 2062
0.949004 2070
0.949005 2078
0.949236 2086
0.949237 2093
0.973914 2098
0.973915 2099
0.973916 2109
0.973917 2119
0.974022 2124
0.974023 2134
0.974024 2143
0.974025 2152
0.974254 2160
0.974255 2169
0.974486 2176
0.974487 2183
0.999164 2189
0.999165 2190
0.999166 2200
0.999167 2209
0.999272 2215
0.999273 2225
0.999274 2234
0.999275 2243
0.999504 2251
0.999505 2259
0.999736 2267
0.999737 2274
1.02443 2279
1.02468 2285
1.02493 2293
1.02518 2296
1.02543 2299
1.02568 2302
1.02593 2305
1.02691 2308
1.02716 2311
1.02717 2317
1.02791 2320
1.02792 2326
1.02793 2329
1.02818 2332
1.02843 2336
1.02868 2339
1.02893 2341
1.02918 2344
1.02943 2348
1.02968 2350
1.02993 2354
1.03018 2357
1.03025 2360
1.03049 2363
1.03074 2366
1.04968 2370
1.04993 2375
1.05016 2384
1.05025 2388
1.05243 2392
1.05268 2403
1.05318 2411
1.05591 2414
1.05592 2420
1.05616 2434
1.05618 2440
1.05643 2443
1.05668 2445
1.05693 2447
1.05711 2450
1.05724 2451
1.05749 2455
1.05799 2458
1.07518 2460
1.07549 2463
1.07577 2469
1.076 2480
1.07743 2482
1.07793 2488
1.07802 2495
1.07924 2498
1.08118 2505
1.08143 2510
1.08168 2517
1.08193 2521
1.08218 2524
1.08243 2527
1.08268 2530
1.08293 2533
1.08318 2537
1.08334 2539
1.08349 2542
1.08375 2546
1.08424 2548
1.10043 2551
1.10056 2556
1.10075 2563
1.10099 2567
1.10158 2571
1.10274 2573
1.10275 2582
1.1034 2585
1.10374 2588
1.10424 2592
1.10643 2595
1.10668 2602
1.10693 2611
1.10715 2616
1.10743 2620
1.10919 2623
1.10943 2629
1.11325 2630
1.1135 2636
1.12552 2641
1.12599 2661
1.12775 2663
1.12804 2675
1.12825 2678
1.12874 2682
1.1315 2685
1.13151 2699
1.13174 2706
1.13199 2710
1.13424 2713
1.13849 2720
1.15074 2731
1.15299 2753
1.15324 2772
1.15674 2776
1.157 2802
1.15924 2804
1.16349 2811
1.17574 2822
1.17799 2844
1.18174 2866
1.182 2893
1.18424 2894
1.18849 2901
1.20074 2912
1.20299 2934
1.20674 2957
1.207 2983
1.20924 2985
1.21449 2992
1.22574 3003
1.226 3019
1.22799 3025
1.22825 3040
1.23274 3047
1.23318 3064
1.23425 3075
1.23949 3082
1.25193 3093
1.25349 3115
1.25374 3130
1.25774 3138
1.258 3154
1.25949 3166
1.26449 3173
1.27699 3184
1.27874 3206
1.28274 3228
1.28299 3251
1.28449 3256
1.28949 3263
1.30199 3274
1.30225 3296
1.30349 3296
1.304 3318
1.30774 3319
1.30802 3340
1.30899 3347
1.31449 3354
1.32699 3365
1.32824 3387
1.3285 3408
1.33284 3409
1.33285 3429
1.333 3436
1.33349 3437
1.33949 3444
1.35213 3455
1.35299 3478
1.35799 3500
1.35825 3526
1.36449 3535
1.37725 3546
1.37726 3559
1.37749 3568
1.37774 3578
1.38299 3590
1.38325 3617
1.38949 3625
1.40249 3636
1.40275 3663
1.40276 3676
1.40799 3681
1.40825 3707
1.41599 3716
1.42749 3727
1.42775 3751
1.42776 3764
1.43299 3771
1.43325 3796
1.44099 3806
1.45249 3817
1.45274 3841
1.45799 3862
1.45824 3886
1.46599 3897
1.47799 3908
1.47824 3934
1.48299 3953
1.48325 3979
1.49099 3987
1.50299 3999
1.50325 4025
1.50326 4038
1.50799 4043
1.50825 4069
1.51749 4078
1.52799 4089
1.52825 4112
1.52826 4125
1.53299 4134
1.53325 4156
1.54249 4168
1.55299 4180
1.55325 4202
1.55326 4216
1.55799 4224
1.55825 4247
1.56749 4259
1.57799 4270
1.57825 4293
1.57826 4306
1.58299 4315
1.58325 4337
1.59249 4349
1.60299 4361
1.60325 4383
1.60326 4397
1.60799 4405
1.60825 4428
1.61749 4440
1.62799 4451
1.62824 4477
1.63299 4496
1.63324 4522
1.64249 4530
1.65299 4542
1.65325 4568
1.65326 4581
1.65799 4586
1.65825 4613
1.66749 4621
1.67799 4632
1.67825 4658
1.67826 4672
1.68299 4677
1.68325 4703
1.69249 4711
1.70299 4723
1.70325 4749
1.70326 4762
1.70799 4767
1.70825 4794
1.71899 4802
1.72799 4813
1.7285 4836
1.72851 4849
1.73299 4858
1.734 4881
1.74399 4892
1.753 4904
1.75301 4917
1.75325 4925
1.75326 4939
1.7535 4939
1.75818 4948
1.75827 4970
1.75924 4971
1.76899 4983
1.77824 4994
1.7785 5016
1.77851 5029
1.78327 5039
1.7835 5060
1.78375 5062
1.79399 5073
1.80324 5085
1.8035 5106
1.80351 5120
1.80849 5129
1.80875 5151
1.81899 5164
1.82824 5176
1.82849 5201
1.83349 5220
1.83374 5246
1.84399 5254
1.85324 5266
1.8535 5292
1.85351 5305
1.85849 5310
1.85875 5337
1.86899 5345
1.87824 5357
1.8785 5382
1.87851 5396
1.88349 5401
1.88375 5427
1.89399 5436
1.90324 5447
1.9035 5473
1.90351 5486
1.90849 5491
1.90875 5518
1.92049 5526
1.92824 5538
1.9285 5557
1.92851 5570
1.93349 5582
1.93375 5606
1.94549 5617
1.95324 5628
1.95349 5652
1.95849 5673
1.95874 5697
1.97049 5707
1.97824 5719
1.9785 5744
1.97851 5757
1.98449 5763
1.99849 5789
2.00324 5809
2.0035 5833
2.00351 5847
2.0095 5854
2.00951 5867
2.00975 5878
2.02349 5879
2.02783 5900
2.028 5910
2.02824 5923
2.02849 5938
2.03474 5944
2.04874 5970
2.05299 5990
2.05325 6016
2.05326 6030
2.05974 6035
2.07374 6060
2.07799 6081
2.07825 6107
2.07826 6120
2.08474 6125
2.09874 6151
2.10299 6171
2.10325 6197
2.10326 6211
2.10974 6216
2.12374 6241
2.12799 6262
2.12825 6288
2.12826 6301
2.13474 6306
2.14874 6332
2.15299 6352
2.15325 6378
2.15326 6392
2.15974 6397
2.17374 6422
2.17799 6443
2.17825 6469
2.17826 6482
2.18474 6487
2.19874 6513
2.20299 6533
2.20325 6559
2.20326 6573
2.20974 6578
2.22549 6603
2.22799 6624
2.229 6646
2.22901 6660
2.235 6668
2.23501 6682
2.25049 6694
2.25318 6714
2.25343 6735
2.25399 6737
2.26024 6759
2.26075 6780
2.27549 6784
2.27825 6805
2.27826 6818
2.2785 6827
2.27875 6837
2.28524 6849
2.28575 6870
2.30124 6875
2.30349 6895
2.30375 6916
2.30376 6930
2.3114 6940
2.31174 6950
2.31199 6965
2.32624 6965
2.32849 6986
2.32874 7012
2.33649 7030
2.35124 7056
2.35349 7076
2.35375 7102
2.35376 7116
2.36149 7121
2.37624 7146
2.37849 7167
2.37875 7193
2.37876 7206
2.38649 7211
2.40124 7237
2.40349 7257
2.40375 7284
2.40376 7297
2.41149 7302
2.42818 7327
2.42843 7348
2.42924 7370
2.42949 7389
2.43649 7392
2.43675 7415
2.45343 7418
2.45352 7441
2.45375 7459
2.45399 7470
2.46149 7483
2.46175 7505
2.4785 7508
2.47851 7522
2.47875 7531
2.47876 7545
2.479 7559
2.47901 7573
2.48649 7573
2.48675 7596
2.50375 7599
2.50376 7612
2.504 7622
2.50401 7635
2.50425 7650
2.50426 7663
2.51149 7664
2.51175 7687
2.529 7689
2.52901 7703
2.52925 7712
2.52926 7726
2.5295 7743
2.53649 7754
2.55424 7780
2.5545 7806
2.55451 7820
2.56149 7845
2.57925 7870
2.57926 7884
2.5795 7897
2.57951 7910
2.57975 7928
2.58649 7935
2.60449 7961
2.60475 7987
2.60476 8001
2.61149 8026
2.62968 8051
2.62993 8064
2.63018 8078
2.63043 8085
2.63068 8092
2.63077 8097
2.63099 8103
2.63124 8109
2.63724 8116
2.6375 8131
2.65493 8142
2.65518 8153
2.65543 8169
2.65568 8177
2.65581 8184
2.65599 8191
2.65624 8197
2.65674 8204
2.66299 8207
2.66325 8221
2.68068 78
2.68093 78
2.68118 77
2.68119 71
2.68131 71
2.68149 60
2.68174 56
2.68799 51
2.68824 41
2.73124 5762
2.75599 5763
2.76375 5763
2.78977 5763
2.80599 5764
2.83636 5764
2.86225 46
2.86226 43
2.86254 36
2.87124 25
2.8875 46
2.88751 46
2.88777 45
2.89599 45
2.91399 45
2.9145 45
2.91451 45
2.93943 79
2.94075 79
2.94076 79
2.94599 71
2.96452 79
2.9899 2824
3.01599 2825
3.04251 2825
3.06818 2825
3.09293 2826
3.09374 2826
3.11967 2826
3.14443 2827
3.14593 2827
3.17018 2828
3.17143 2828
3.19518 2828
3.19843 2829
3.19974 2829
3.221 2829
3.22377 2830
3.24549 2830
3.24874 2831
3.27049 2831
3.27076 2831
3.274 2832
3.29549 2832
3.29874 2832
3.299 2833
3.32224 2833
3.33452 2833
3.33453 2834
3.34801 2834
3.36 2835
3.36001 2835
3.37324 2835
3.3851 2836
3.3855 2836
3.39824 2836
3.41025 2837
3.41051 2837
3.42324 2838
3.43549 2838
3.43576 2839
3.44824 2839
3.4605 2839
3.46075 2840
3.461 2840
3.47324 2841
3.48574 2841
3.48601 2841
3.49824 2842
3.51075 2842
3.51076 2842
3.51101 2843
3.52299 2843
3.53674 2843
3.537 2844
3.53725 2844
3.54899 2845
3.57633 2845
3.60166 2846
3.60167 2847
3.60177 2847
3.602 2848
3.60224 2848
3.62692 2848
3.62702 2849
3.62726 2849
3.65218 2850
3.65233 2850
3.65325 2851
3.65349 2851
3.67743 2852
3.67768 2852
3.67825 2852
3.67826 2853
3.70268 2853
3.70283 2853
3.70302 2854
3.70374 2855
3.72793 2855
3.72818 2855
3.72861 2856
3.72899 2856
3.75318 2856
3.75343 2857
3.75386 2858
3.75424 2858
3.77956 2858
3.78102 2859
3.78103 2860
3.80474 2860
3.80518 2861
3.80615 2861
3.80627 2861
3.80699 2862
3.83068 2862
3.83118 2862
3.83136 2863
3.8315 2863
3.83224 2863
3.85593 2864
3.85702 2864
3.85703 2865
3.88193 2866
3.88218 2866
3.8824 2866
3.8825 2867
3.88299 2867
3.90717 2868
3.90727 2868
3.9075 2869
3.90924 2869
3.93218 2869
3.93268 2870
3.93368 2870
3.93434 2871
3.93452 2871
3.95725 2871
3.95768 2872
3.95868 2872
3.95938 2872
3.95952 2873
3.98268 2873
3.98293 2873
3.98316 2874
3.98393 2874
3.98442 2875
3.98499 2875
4.00783 2875
4.00811 2876
4.00836 2876
4.009 2876
4.00924 2877
4.03452 2877
4.03474 2878
4.035 2878
4.03501 2879
4.06093 2879
4.06118 2879
4.06119 2880
4.06133 2880
4.0615 2881
4.06174 2881
4.08593 2881
4.08618 2882
4.08642 2882
4.0865 2882
4.08699 2883
4.11093 2883
4.11117 2884
4.11127 2884
4.11149 2885
4.11175 2885
4.13617 2885
4.13627 2886
4.13628 2886
4.13651 2887
4.16141 2887
4.16142 2888
4.16152 2888
4.16175 2889
4.16199 2889
4.18667 2889
4.18677 2890
4.18678 2890
4.18701 2891
4.21191 2891
4.21192 2892
4.21202 2892
4.21225 2893
4.21249 2893
4.23717 2893
4.23727 2894
4.2375 2895
4.23774 2895
4.26242 2896
4.26252 2896
4.26275 2897
4.26299 2897
4.28766 2898
4.28767 2898
4.28777 2898
4.288 2899
4.28824 2899
4.31292 2900
4.31302 2900
4.31325 2901
4.31349 2902
4.33892 2902
4.33911 2902
4.33927 2903
4.33949 2903
4.36418 2904
4.36443 2904
4.36493 2905
4.36529 2905
4.36574 2906
4.38943 2906
4.38968 2906
4.38993 2907
4.39025 2908
4.39074 2908
4.41566 2908
4.41643 2909
4.41668 2909
4.41718 2909
4.41799 2910
4.41824 2910
4.44063 2910
4.44118 2911
4.44193 2911
4.44324 2912
4.44325 2912
4.46593 2912
4.46615 2913
4.46675 2913
4.468 2914
4.46801 2914
4.491 2915
4.49101 2915
4.49125 2915
4.4915 2916
4.49324 2916
4.51624 2917
4.5165 2918
4.51651 2918
4.51824 2918
4.54125 2919
4.54126 2919
4.54151 2920
4.54299 2920
4.5435 2921
4.56649 2921
4.5669 2922
4.56776 2923
4.56824 2923
4.59151 2923
4.59193 2924
4.59274 2925
4.61693 2925
4.61708 2926
4.61727 2927
4.61749 2927
4.64349 2928
4.64374 2928
4.644 2929
4.64401 2929
4.66868 2930
4.66893 2930
4.66908 2931
4.66925 2931
4.66949 2932
4.69393 2932
4.69418 2933
4.69427 2933
4.69449 2933
4.69475 2934
4.71893 2934
4.71943 2935
4.71968 2935
4.71981 2935
4.72025 2936
4.72074 2936
4.74392 2936
4.74416 2937
4.74442 2937
4.74475 2938
4.74499 2938
4.74524 2938
4.76918 2939
4.76934 2939
4.76952 2940
4.76974 2940
4.79443 2940
4.79458 2941
4.79477 2942
4.79499 2942
4.81966 2943
4.81967 2943
4.81977 2943
4.82002 2944
4.82024 2945
4.84491 2945
4.84492 2945
4.84502 2946
4.84525 2946
4.84549 2947
4.87016 2947
4.87017 2948
4.87027 2948
4.8705 2949
4.87074 2949
4.89542 2949
4.89552 2950
4.89575 2951
4.89599 2951
4.922 2952
4.92201 2952
4.92224 2952
4.9225 2953
4.92251 2953
4.923 2953
4.94743 2954
4.94768 2954
4.94793 2955
4.94843 2955
4.94874 2955
4.94899 2956
4.97268 2956
4.97293 2956
4.97318 2957
4.97368 2957
4.97399 2957
4.97474 2958
4.99793 2958
4.99816 2959
4.99817 2959
4.99827 2959
4.99852 2960
5.02313 2960
5.02329 2961
5.02351 2962
5.04841 2962
5.04842 2963
5.04852 2963
5.04875 2964
5.04899 2964
5.07366 2965
5.07367 2965
5.07377 2965
5.074 2966
5.07424 2966
5.09891 2967
5.09892 2967
5.09902 2967
5.09925 2968
5.09949 2969
5.12417 2969
5.12593 2970
5.12594 2970
5.128 2971
5.14924 2971
5.15099 2972
5.15125 2972
5.15126 2973
5.15274 2973
5.17424 2973
5.17599 2974
5.17625 2975
5.17626 2975
5.19924 2975
5.20099 2976
5.20125 2977
5.20126 2977
5.22424 2977
5.22599 2978
5.22625 2979
5.22774 2979
5.24924 2980
5.25099 2980
5.25126 2981
5.25274 2982
5.27424 2982
5.27599 2983
5.27625 2983
5.27626 2983
5.27774 2984
5.29924 2984
5.30099 2985
5.30125 2985
5.30126 2986
5.30274 2986
5.32424 2986
5.32599 2987
5.32625 2987
5.32626 2988
5.34924 2988
5.35099 2989
5.35125 2990
5.35274 2990
5.37424 2990
5.37599 2991
5.37625 2992
5.37626 2992
5.37774 2992
5.39924 2993
5.40099 2993
5.40125 2994
5.40126 2994
5.40274 2995
5.42518 2995
5.42577 2995
5.42602 2996
5.42624 2996
5.45099 2997
5.45126 2997
5.45165 2998
5.45274 2999
5.47593 2999
5.47616 2999
5.47625 3000
5.47663 3000
5.47677 3000
5.47774 3001
5.50108 3001
5.50127 3002
5.50166 3002
5.50179 3003
5.52625 3003
5.52626 3003
5.52665 3004
5.52679 3005
5.52774 3005
5.55163 3005
5.55179 3006
5.552 3007
5.55225 3007
5.57692 3007
5.57702 3008
5.57725 3009
5.57749 3009
5.60217 3010
5.60227 3010
5.6025 3011
5.60274 3011
5.62743 3012
5.62761 3012
5.62777 3013
5.62849 3013
5.65268 3014
5.65283 3014
5.65302 3015
5.65324 3015
5.67793 3016
5.67808 3016
5.67827 3017
5.67849 3017
5.70318 3018
5.70333 3019
5.70352 3019
5.70424 3020
5.72893 3020
5.72943 3020
5.72993 3021
5.73049 3022
5.75418 3022
5.75443 3022
5.75468 3023
5.75518 3023
5.75586 3023
5.75624 3024
5.77943 3024
5.78118 3024
5.78193 3025
5.78331 3025
5.7835 3026
5.80399 3026
5.80643 3026
5.80652 3027
5.80699 3027
5.80843 3027
5.809 3028
5.82899 3028
5.83149 3029
5.83174 3029
5.8335 3029
5.83351 3030
5.834 3030
5.85649 3030
5.85675 3031
5.85874 3032
5.859 3032
5.87899 3032
5.88149 3033
5.88374 3033
5.884 3034
5.90649 3034
5.90675 3035
5.90874 3036
5.909 3036
5.92899 3036
5.93149 3037
5.93175 3037
5.93374 3037
5.934 3038
5.95649 3039
5.95675 3039
5.95874 3040
5.959 3040
5.97899 3040
5.98149 3041
5.98175 3041
5.98374 3042
6.00399 3042
6.00649 3043
6.00675 3043
6.00874 3044
6.009 3044
6.02899 3044
6.03149 3045
6.03175 3045
6.03374 3046
6.05399 3046
6.05649 3047
6.05874 3047
6.059 3048
6.07899 3049
6.08149 3049
6.08175 3049
6.08374 3050
6.084 3050
6.10399 3050
6.10649 3051
6.10675 3051
6.10874 3052
6.13068 3052
6.13125 3053
6.13126 3053
6.13293 3053
6.13351 3054
6.134 3054
6.15543 3054
6.15626 3055
6.15843 3055
6.15865 3056
6.15899 3056
6.18243 3056
6.18318 3057
6.18354 3057
6.18375 3058
6.20718 3058
6.20743 3059
6.20793 3059
6.20818 3059
6.2085 3060
6.20874 3060
6.2324 3060
6.23268 3061
6.23288 3061
6.23304 3062
6.23399 3062
6.2575 3062
6.25751 3063
6.2579 3063
6.25804 3064
6.28288 3064
6.28304 3065
6.28327 3066
6.2835 3066
6.30817 3066
6.30827 3067
6.3085 3067
6.30874 3068
6.33343 3068
6.33368 3069
6.33384 3069
6.33425 3070
6.35868 3070
6.35893 3070
6.35909 3071
6.35949 3072
6.38393 3072
6.38418 3073
6.38434 3073
6.3845 3073
6.40893 3074
6.40943 3074
6.40961 3075
6.40999 3075
6.41024 3076
6.43418 3076
6.43433 3076
6.43452 3077
6.43524 3077
6.45942 3078
6.45952 3078
6.45975 3079
6.45999 3079
6.48467 3080
6.48477 3080
6.485 3081
6.48524 3081
6.50992 3082
6.51002 3082
6.51003 3083
6.51026 3083
6.53516 3083
6.53517 3084
6.53527 3084
6.53551 3085
6.56041 3085
6.56042 3086
6.56052 3086
6.56075 3087
6.58566 3087
6.58567 3087
6.58577 3088
6.586 3089
6.61091 3089
6.61092 3089
6.61102 3090
6.61125 3090
6.63618 3091
6.63643 3091
6.63658 3092
6.63675 3092
6.63749 3093
6.66118 3093
6.66175 3093
6.66176 3094
6.66201 3094
6.68666 3094
6.68718 3095
6.68736 3095
6.68752 3096
6.68849 3096
6.71193 3097
6.71211 3097
6.71265 3097
6.71299 3098
6.73718 3098
6.73729 3099
6.7375 3100
6.76241 3100
6.76242 3100
6.76252 3101
6.76275 3101
6.78766 3102
6.78767 3102
6.78777 3103
6.788 3103
6.81291 3104
6.81292 3104
6.81302 3104
6.81326 3105
6.83816 3106
6.83817 3106
6.83827 3106
6.83851 3107
6.86341 3107
6.86342 3108
6.86352 3108
6.86353 3109
6.86399 3109
6.88867 3109
6.88877 3110
6.889 3110
6.88924 3111
6.91392 3111
6.91402 3111
6.91425 3112
6.91449 3113
6.93917 3113
6.93927 3113
6.9395 3114
6.93974 3114
6.96442 3115
6.96452 3115
6.96475 3116
6.98966 3116
6.98967 3117
6.98977 3117
6.99001 3118
7.01491 3118
7.01492 3119
7.01502 3119
7.01525 3119
7.01549 3120
7.04017 3120
7.04027 3120
7.0405 3121
7.04074 3121
7.06542 3122
7.06552 3122
7.06575 3123
7.09066 3123
7.09067 3124
7.09077 3124
7.09101 3125
7.11591 3125
7.11592 3126
7.11602 3126
7.11625 3126
7.11649 3127
7.14117 3127
7.14127 3127
7.1415 3128
7.14174 3129
7.16642 3129
7.16652 3129
7.16676 3130
7.19166 3130
7.19167 3131
7.19177 3131
7.192 3131
7.19224 3132
7.21692 3132
7.21702 3133
7.21725 3133
7.21749 3134
7.24218 3134
7.24233 3134
7.24274 3135
7.26743 3136
7.26761 3136
7.268 3137
7.26849 3137
7.29268 3137
7.29283 3138
7.29324 3139
7.31793 3139
7.31808 3140
7.31827 3140
7.31849 3140
7.34317 3141
7.34327 3141
7.3435 3142
7.36841 3142
7.36842 3143
7.36852 3143
7.36853 3143
7.36899 3144
7.39367 3144
7.39377 3144
7.394 3145
7.39424 3146
7.41892 3146
7.41902 3146
7.41903 3147
7.41949 3147
7.44418 3147
7.44443 3148
7.44444 3148
7.44475 3149
7.46943 3149
7.46968 3150
7.46984 3150
7.47024 3150
7.49468 3151
7.49493 3151
7.49494 3151
7.49525 3152
7.51993 3152
7.52018 3153
7.52034 3153
7.52074 3154
7.54517 3154
7.54527 3154
7.5455 3155
7.57041 3156
7.57042 3156
7.57052 3156
7.57075 3157
7.57099 3157
7.59567 3157
7.59577 3158
7.59624 3158
7.64329 3159
7.6433 3160
7.66868 3161
7.66883 3161
7.66902 3161
7.66924 3162
7.69393 3162
7.69408 3163
7.69449 3163
7.71918 3164
7.71933 3164
7.71952 3165
7.71974 3165
7.74533 3166
7.74552 3166
7.74577 3167
7.77068 3167
7.77077 3167
7.77274 3168
7.77324 3168
7.79665 3169
7.79692 3169
7.7975 3170
7.79774 3170
7.82193 3170
7.82204 3171
7.82249 3171
7.84716 3172
7.84717 3172
7.84727 3173
7.8475 3173
7.84774 3173
7.87242 3174
7.87252 3174
7.87253 3174
7.87299 3175
7.89767 3175
7.89777 3176
7.89801 3176
7.92399 3177
7.92451 3177
7.94918 3178
7.95074 3179
7.95102 3179
7.97424 3180
7.97565 3180
7.97575 3181
7.97649 3181
7.99924 3181
8.00068 3182
8.00077 3182
8.00124 3183
8.02399 3183
8.02424 3183
8.02551 3184
8.02601 3184
8.04899 3184
8.05052 3185
8.05076 3186
8.0735 3186
8.07374 3186
8.0755 3187
8.076 3187
8.07601 3187
8.09899 3188
8.10052 3188
8.10075 3188
8.101 3189
8.12374 3189
8.1255 3190
8.126 3190
8.12601 3190
8.14899 3191
8.15052 3191
8.15075 3191
8.151 3192
8.17374 3192
8.1755 3193
8.17551 3193
8.17601 3193
8.19899 3194
8.20052 3194
8.201 3195
8.22488 3195
8.22593 3196
8.22643 3196
8.22724 3196
8.25117 3197
8.25143 3197
8.25144 3197
8.252 3198
8.27618 3198
8.27668 3198
8.2775 3199
8.27751 3199
8.30124 3200
8.30168 3200
8.3025 3200
8.30275 3201
8.326 3201
8.32668 3201
8.32725 3202
8.32774 3202
8.35143 3203
8.35168 3203
8.35225 3203
8.3525 3204
8.37668 3204
8.37693 3204
8.37702 3205
8.37749 3205
8.40192 3206
8.40202 3206
8.40249 3207
8.42718 3207
8.42743 3207
8.42761 3208
8.42849 3208
8.45243 3208
8.45352 3209
8.45353 3209
8.45377 3210
8.47793 3210
8.47868 3210
8.47925 3211
8.50291 3211
8.50318 3211
8.50368 3212
8.504 3212
8.52818 3213
8.52843 3213
8.52874 3214
8.55343 3214
8.55354 3214
8.55399 3215
8.57865 3216
8.57877 3216
8.57878 3216
8.57925 3217
8.60442 3217
8.60452 27
8.60453 27
8.60479 27
8.6048 26
8.60502 26
8.62968 26
8.62993 19
8.68041 2252
8.70575 2252
8.72399 2253
8.73175 2253
8.75726 2253
8.78243 2254
8.78275 2254
8.80743 2255
8.80799 2255
8.83218 2255
8.83274 2256
8.8574 2256
8.85753 2256
8.88265 2257
8.88277 2257
8.88325 2258
8.90802 2258
8.90825 2258
8.93318 2259
8.93418 2259
8.93524 2259
8.95868 2260
8.95968 2260
8.96099 2260
8.98393 2261
8.98493 2261
8.98649 2262
9.00911 2262
9.00959 2262
9.01149 2263
9.03474 2263
9.03504 2263
9.05993 2264
9.06008 2264
9.06029 2265
9.08517 2265
9.08527 2265
9.08574 2266
9.086 2266
9.11042 2266
9.11052 2267
9.11075 2267
9.13568 2268
9.13593 2268
9.13636 2268
9.13674 2269
9.16168 2269
9.16193 2269
9.16225 2270
9.16274 2270
9.18693 2270
9.18718 2271
9.18775 2271
9.18849 2272
9.21349 2272
9.21352 2273
9.23918 2273
9.23943 2273
9.23959 2274
9.23977 2274
9.24049 2275
9.26468 2275
9.26511 2276
9.26599 2276
9.28968 2276
9.28993 2277
9.29036 2277
9.29074 2278
9.31493 2278
9.31518 2278
9.31543 2279
9.31575 2279
9.34008 2279
9.34034 2280
9.34052 2280
9.341 2281
9.36542 2281
9.36552 2282
9.36599 2282
9.39067 2283
9.39077 2283
9.391 2284
9.39124 2284
9.41592 2285
9.41602 2285
9.41649 2286
9.44118 2286
9.44143 2286
9.44168 2287
9.442 2287
9.44274 2287
9.46643 2288
9.46668 2288
9.46693 2289
9.46725 2289
9.49168 2289
9.49193 2290
9.49236 2290
9.49274 2291
9.51693 2291
9.51718 2292
9.51827 2292
9.51828 2293
9.54199 2293
9.54243 2293
9.54326 2294
9.5435 2294
9.54449 2295
9.56699 2295
9.56833 2295
9.56924 2296
9.59199 2296
9.59334 2297
9.59335 2297
9.59399 2298
9.61699 2298
9.61825 2299
9.6185 2299
9.61899 2300
9.64199 2300
9.64243 2300
9.64343 2301
9.64352 2301
9.64399 2302
9.66699 2302
9.66818 2302
9.66843 2303
9.66858 2303
9.66899 2303
9.69217 2304
9.69318 2304
9.69343 2305
9.69374 2305
9.69526 2305
9.71742 2306
9.71843 2306
9.71893 2306
9.71999 2307
9.72049 2307
9.74268 2307
9.74325 2308
9.7435 2308
9.74499 2309
9.7679 2309
9.768 2310
9.76825 2310
9.76974 2310
9.79299 2311
9.79325 2312
9.79326 2312
9.79449 2312
9.818 2313
9.8184 2313
9.81868 2314
9.81924 2315
9.84343 2315
9.84368 2315
9.84418 2316
9.84493 2316
9.84549 2316
9.86868 2317
9.86893 2317
9.86943 2317
9.87018 2318
9.8705 2318
9.89393 2319
9.89418 2319
9.89468 2319
9.89543 2320
9.89575 2320
9.91911 2320
9.9194 2321
9.91993 2322
9.9205 2322
9.94434 2322
9.94467 2323
9.94491 2323
9.94525 2324
9.94549 2324
9.97001 2325
9.97024 2325
9.97051 2326
9.99543 2326
9.99552 2327
9.99575 2327
9.99599 2328
10.0212 2328
10.044 2329
10.0471 2330
10.0474 2330
10.0476 2331
10.0702 2331
10.0722 2332
10.0725 2333
10.095 2333
10.0952 2334
10.0973 2334
10.0975 2335
10.0978 2335
10.1207 2335
10.121 2336
10.1224 2336
10.1228 2336
10.123 2337
10.1457 2337
10.1475 2338
10.149 2338
10.1712 2339
10.1718 2339
10.1745 2340
10.1748 2340
10.1967 2341
10.2003 2342
10.2012 2343
10.224 2343
10.2252 2343
10.2254 2344
10.2255 2344
10.2257 2345
10.2487 2345
10.2502 2346
10.2503 2346
10.2507 2346
10.2737 2347
10.2752 2347
10.2753 2348
10.2757 2348
10.2985 2349
10.3001 2349
10.3005 2350
10.3007 2350
10.3237 2351
10.3252 2351
10.3253 2352
10.3257 2352
10.3485 2353
10.3487 2353
10.3501 2353
10.3505 2354
10.3737 2354
10.3751 2355
10.3753 2356
10.3755 2356
10.3757 2356
10.3985 2357
10.4003 2357
10.4005 2358
10.4008 2358
10.4235 2359
10.4255 2359
10.4258 2360
10.4494 2360
10.4502 2361
10.4514 2361
10.4518 2362
10.452 2362
10.4754 2362
10.4757 2363
10.4759 2363
10.4767 2363
10.477 2364
10.5002 2364
10.5007 2364
10.5012 2365
10.5017 2365
10.5022 2366
10.5025 2366
10.5259 2366
10.5264 2367
10.5268 2367
10.5272 2368
10.5507 2368
10.5512 2369
10.5515 2369
10.5518 2369
10.552 2370
10.5757 2370
10.5759 2370
10.5761 2371
10.5765 2371
10.5767 2372
10.6007 2372
10.6011 2372
10.6013 2373
10.602 2373
10.6259 2374
10.6262 2374
10.6263 2375
10.6265 2375
10.6512 2376
10.6513 2376
10.6515 2377
10.6764 2377
10.6765 2378
10.6768 2379
10.7017 2379
10.7018 2380
10.702 2381
10.7022 2381
10.7269 2382
10.727 2382
10.7273 2383
10.7275 2383
10.7522 2383
10.7524 2384
10.7525 2384
10.7532 2385
10.7774 2385
10.7776 2386
10.7778 2386
10.7785 2387
10.8027 2387
10.8028 2387
10.803 2388
10.8037 2389
10.8279 2389
10.8281 2389
10.8283 2390
10.829 2390
10.8539 2391
10.8542 2391
10.8549 2392
10.8555 2392
10.8792 2393
10.8794 2393
10.8799 2393
10.8806 2394
10.881 2394
10.9044 2394
10.9049 2395
10.9057 2395
10.9063 2396
10.9067 2396
10.9304 2396
10.9307 2397
10.9312 2397
10.9319 2397
10.9322 2398
10.9554 2398
10.9558 2399
10.9562 2399
10.9568 2399
10.9572 2400
10.9804 2400
10.9805 2400
10.9809 2401
10.9817 2401
11.0056 2402
11.0059 2402
11.0063 2403
11.007 2403
11.0309 2404
11.0311 2404
11.0313 2405
11.032 2405
11.0569 2406
11.0571 2406
11.0573 2407
11.0817 2407
11.0819 2407
11.0833 2408
11.1067 2409
11.107 2409
11.1084 2410
11.1088 2410
11.109 2410
11.1318 2411
11.1339 2411
11.134 2412
11.1343 2412
11.1567 2413
11.159 2413
11.1593 2413
11.1595 2414
11.1817 2414
11.1843 2415
11.1845 2415
11.1848 2416
11.2065 2416
11.2095 2417
11.2098 2417
11.21 2418
11.233 2418
11.2348 2419
11.235 2419
11.2355 2420
8221
